621338206022291456
621338217044836352
621338229615165441
621338339422171136
621338410758877184
621338435375095809
621338435656089602
621338435928911873
621338444099252224
621338444468494336
621338471731367937
621338475003031553
621338476622032896
621338497463390208
621338535627497472
621338576849104897
621338949689155585
621338966076231680
621338968869765120
621339030215655425
621339033596071936
621339060443959296
621339067242926084
621339175132901376
621339188949028864
621339191285256192
621339196700139520
621339216451137536
621339222163726336
621339305798205440
621339316002926593
621339319802859520
621339358822551552
621339364539387904
621339366523207680
621339441387286528
621339500703158272
621339525097357312
621339563466858496
621339573092614144
621339593313488896
621339608878415872
621339612078804992
621339632018567168
621339638649782273
621339702583537665
621339714629447680
621339721655042048
621339730903437312
621339761022664704
621339768857608192
621339840320307204
621339864819040256
621339900437098496
621339924554383360
621339948432650241
621339986680500224
621340015801401344
621340063721336832
621340065550217216
621340131673268224
621340132294025217
621340132486987776
621340169808019456
621340196869677056
621340205346332672
621340206403330049
621340212161982464
621340269540016128
621340275172995072
621340295108665345
621340313727053825
621340334203781124
621340370547273728
621340435173081088
621340452705296384
621340476667469824
621340483466493952
621340525551955968
621340562558287872
621340608616116224
621340609660387328
621340610868441088
621340615037554692
621340643500146688
621340644951330816
621340652773617664
621340701352030208
621340706393726976
621340732129816577
621340765696847873
621340777566896128
621340782054780928
621340818465497088
621340832105431040
621340870785298432
621340886400536576
621340891005894656
621340918608711680
621340938259050496
621340978801188864
621340981833670656
621340985914736640
621340997096615936
621341016625446912
621341026599440384
621341047969435648
621341052427980800
621341144706887681
621341159290482688
621341179108552705
621341188176650240
621341217549234176
621341225963028480
621341238038523904
621341242538987520
621341245827379200
621341257374117888
621341259651784704
621341267897618432
621341271731245056
621341274830938112
621341287984140288
621341297983508481
621341312315473920
621341312864911360
621341317952602112
621341321781882880
621341368699334656
621341375506870273
621341382016262144
621341384407056384
621341393521217537
621341419131809792
621341419719032832
621341420729692160
621341423246409728
621341437158928384
621341437217644544
621341437645443072
621341443106471936
621341454879846401
621341460575551490
621341468586864640
621341473162706944
621341482264322049
621341485053534208
621341487817752576
621341502069972992
621341504745963520
621341505895186432
621341511507161088
621341537776070656
621341547762683904
621341568947982337
621341602385039360
621341604545105920
621341605530742784
621341606646546432
621341615341174784
621341628414844928
621341631694790657
621341641236852740
621341654054793216
621341681317576704
621341693992812545
621341713953636352
621341722912628740
621341744836280321
621341747013120000
621341764201222144
621341784237436930
621341792672305152
621341794853355520
621341810389057536
621341816944766976
621341851568709632
621341864977956865
621341878487617536
621341890621915138
621341894455508993
621341895713816576
621341912256024577
621341922305671168
621341925614964736
621341934578110464
621341950856286208
621341952106209280
621341953192407040
621341956845776896
621341969206353921
621341978072997888
621341986289774592
621341998675398660
621342019231850496
621342020297097216
621342029830881280
621342045458690048
621342056154308609
621342071631118339
621342077826150400
621342078107320320
621342078690267137
621342083958202368
621342087410266112
621342094624317441
621342104854224896
621342114413043712
621342125171412992
621342126832492544
621342130150092800
621342135363747840
621342138845016065
621342140774371331
621342142770753536
621342152216440832
621342161213214720
621342169463308289
621342172663525377
621342174479659008
621342174827773953
621342178086940672
621342179823218689
621342190976004101
621342206087933952
621342206738042881
621342207275073536
621342218435956737
621342219480363008
621342240376381444
621342249595629568
621342250786631680
621342254561632256
621342255006261248
621342266062278656
621342301453950976
621342301609164800
621342354448842752
621342362271219712
621342374007074816
621342384262025216
621342396362592256
621342405594378240
621342432794406912
621342440902017024
621342466852032513
621342467376443393
621342470266224640
621342472136863744
621342488348000256
621342494928863232
621342495746625536
621342501413126144
621342506144305152
621342515640303616
621342519322763264
621342529556877312
621342532467732480
621342554823507969
621342562113187844
621342599589298176
621342600331571200
621342605159350273
621342605868032000
621342607914872832
621342617113133056
621342619830984704
621342625908527105
621342646494081024
621342653645488128
621342688567279616
621342689133334528
621342699896066048
621342714664218624
621342743730737152
621342761585872896
621342766799417344
621342770456756224
621342815566622721
621342816850038784
621342842313551872
621342848810618880
621342853201948672
621342879839944705
621342886316130304
621342905324707841
621342913880965120
621342922550566912
621342939923546113
621342944834928640
621342956339859456
621342991073050624
621343007531384834
621343011356565504
621343019724222465
621343035008290816
621343058387435520
621343095074861056
621343095737597952
621343099680206848
621343116176564224
621343149428838400
621343178197725185
621343197017473024
621343219981250560
621343240726409216
621343251115544576
621343262960300032
621343265804185601
621343271990784000
621343295478886400
621343304119119872
621343308510560256
621343315410198528
621343321542234112
621343330035728384
621343331759468545
621343347618136064
621343393252184065
621343416903970816
621343421882503168
621343428014682112
621343447971176448
621343464890998790
621343466174459904
621343473585815552
621343481198477312
621343486529286144
621343489498808322
621343490568392704
621343499942690816
621343505349087232
621343533262327808
621343544041730048
621343548584165376
621343561577934848
621343569283031040
621343581790412800
621343596235649024
621343612115091456
621343658399395840
621343669962997761
621343728741908480
621343742306480128
621343753903702016
621343820530094080
621343845150691328
621343857213505536
621343864922570752
621343911391264769
621343916739182592
621343948091604992
621343995382374401
621344036406702080
621344038973632512
621344043268616192
621344055105077248
621344079985643520
621344107210772481
621344108938981376
621344131403620352
621344145282498560
621344156711956480
621344159660703744
621344171979317248
621344229600538624
621344233660776448
621344234583371776
621344248890155008
621344266506252288
621344305970425856
621344308382302212
621344315223113728
621344317056131073
621344329722761216
621344338648285184
621344345896153088
621344363608735744
621344377030381568
621344404050067456
621344412229087232
621344418998693889
621344422949744640
621344425210347521
621344434056138752
621344434484068352
621344452125323264
621344453173743616
621344463328288768
621344466176118785
621344467195400192
621344470869512193
621344474208313344
621344491258052608
621344506244284416
621344516222656512
621344522035838976
621344540226650112
621344552138502144
621344556357955584
621344578751238144
621344579988668416
621344581632700416
621344586351423488
621344643754536961
621344647630028801
621344653250592769
621344692307906560
621344700943990784
621344706669228032
621344727091183616
621344729117102080
621344747362193408
621344771064205312
621344773119479808
621344778773360640
621344779276660736
621344791108931584
621344819290308608
621344823383977984
621344832590622720
621344838068342784
621344858914062337
621344859895529473
621344878841106433
621344887070453765
621344902236909568
621344908134219776
621344932616237056
621344934973546500
621344942439448577
621344967110168576
621344971669508096
621344975448637441
621344976920805376
621344980339150848
621344986769002496
621345015185436672
621345020763713536
621345039470493696
621345039483072512
621345042351853572
621345094323576832
621345099725692929
621345100828946432
621345110840750080
621345150464176128
621345168441122816
621345175860678656
621345176372555776
621345181023866880
621345185344188416
621345198686113792
621345199814496256
621345218391089152
621345222614581248
621345240658636800
621345243959418880
621345258811564033
621345262418706432
621345263463104512
621345264058634240
621345287630557184
621345311139610624
621345355385438208
621345377778860032
621345396720300032
621345397106044928
621345428626350080
621345447534157824
621345463682240512
621345480644018176
621345481512349696
621345489347301378
621345493042495489
621345497417060352
621345500373987328
621345502513074176
621345515595239424
621345517130416128
621345552014381056
621345560105062400
621345570309828608
621345596285259776
621345599988830208
621345626870054913
621345640145125376
621345652279263232
621345655697600512
621345659048828928
621345666439245824
621345675171639296
621345685846249472
621345686643179520
621345687741968384
621345702128566272
621345708755582981
621345723653734401
621345733380341760
621345749050068992
621345772664188928
621345802221420544
621345810819756032
621345812338094080
621345812702986240
621345821175361536
621345824199606273
621345875584024576
621345876104093696
621345887910957056
621345910224777217
621345916503482368
621345955657465857
621346011361873920
621346016428605440
621346036758544384
621346036959854592
621346037438017536
621346047210725377
621346054403956736
621346064684175360
621346073437581314
621346093016711168
621346102512603136
621346108963319808
621346127485374464
621346133495926784
621346143075741696
621346146133393409
621346151636189185
621346189712166912
621346190593015808
621346211069591552
621346217797267457
621346223702806528
621346224705138688
621346258309922816
621346275284361216
621346287808450560
621346295400132608
621346298113822721
621346355529682944
621346357572435968
621346370222489600
621346402589913088
621346421275553792
621346437188726784
621346437239054336
621346443467587584
621346463726104576
621346471514931200
621346490297020416
621346511301926912
621346512174346240
621346515433431045
621346520999268353
621346546098024448
621346546362134528
621346564460707840
621346611306831872
621346618416177152
621346624829173760
621346637219262464
621346643816914945
621346654646575104
621346675605377025
621346705938776064
621346715451412481
621346728239828993
621346739488862209
621346740889718784
621346750620692482
621346786062397440
621346786494451712
621346789434728448
621346793524199428
621346794295926784
621346818916548608
621346820812181504
621346825778413568
621346842026967040
621346852735205378
621346857311039488
621346863472443393
621346879436124160
621346898788655104
621346900046802944
621346902248943616
621346942455558144
621346948713455616
621346951502532609
621347008737996800
621347010969509888
621347023086718977
621347028086358016
621347036693069824
621347046423826432
621347057312268288
621347059334021121
621347086554902528
621347089956507648
621347106800840704
621347115676094464
621347137746395138
621347168087969792
621347182260563968
621347202997329921
621347218704998400
621347232311193600
621347233485688832
621347235859693568
621347243019378688
621347247863664642
621347271796350976
621347274828820480
621347277072789508
621347279203602433
621347306814636033
621347316696514560
621347318470737925
621347331900882944
621347335084331008
621347346786439169
621347358157205506
621347377870311424
621347384371511296
621347390935728128
621347400314155008
621347400448348160
621347417376436224
621347418504830976
621347436280201217
621347451430170624
621347455381061632
621347461928480769
621347470715527168
621347475404791809
621347490386743297
621347494623113216
621347537069322240
621347564047237120
621347572066729984
621347635639615488
621347637539680256
621347641243369478
621347642124046336
621347642757349376
621347655524810752
621347675611512832
621347682485960704
621347682502770688
621347699128860673
621347704870957056
621347730510622720
621347730653212672
621347750458863616
621347783895851009
621347784873144322
621347799372857344
621347800924733440
621347802015264768
621347864418107392
621347892549193728
621347899478278144
621347907224997889
621347917304041472
621347977664327680
621348000762302464
621348003832573952
621348004952342528
621348017191415812
621348018596507648
621348019317964800
621348028885020672
621348039622569984
621348059163680768
621348061760081920
621348105095548928
621348126809526273
621348158732242945
621348168559505409
621348236779884544
621348245629865984
621348257466220544
621348264730701826
621348273857691649
621348277191979008
621348284691554304
621348311480451072
621348346419150852
621348378023186432
621348403729993728
621348405147791360
621348444636995584
621348455622049792
621348461376634880
621348491776913409
621348492611592192
621348500069072896
621348504045273089
621348505655844865
621348514019307521
621348517123072000
621348517156679681
621348520713449472
621348521187348480
621348521342599168
621348523213213696
621348523703992320
621348525276794881
621348527373963264
621348527667589120
621348530037370880
621348531253719040
621348531698319360
621348533925507072
621348535984881664
621348538169987072
621348540145602561
621348541324206080
621348542255382529
621348542435717120
621348543979225088
621348544503521280
621348545132691457
621348546470653952
621348546697146368
621348548307755008
621348548513275905
621348549582815232
621348549700227073
621348550623010817
621348551453474816
621348553047298048
621348553718407168
621348554255282176
621348554901168128
621348555924611072
621348556968955904
621348557308731392
621348558868992000
621348561062600704
621348561117184000
621348563021361157
621348563277225984
621348565097541632
621348565877714944
621348566695604224
621348568125734912
621348568939540481
621348570885656578
621348571728711680
621348572492005376
621348573028835329
621348573075099648
621348573368709120
621348574081753088
621348574601854978
621348574723469312
621348575918858240
621348577575612417
621348577848217600
621348579182034944
621348580322856960
621348580788465664
621348582050910209
621348584852725760
621348585595080704
621348587042177024
621348588124180480
621348588849864704
621348589441286144
621348592566030336
621348594243751937
621348594709303296
621348596261224448
621348597699883009
621348598257709057
621348599616675841
621348601483145216
621348601667698688
621348601793507328
621348603307556864
621348603613839360
621348606943965184
621348607040561153
621348608395321345
621348611155173376
621348611276804097
621348613273333760
621348615257235457
621348618004525057
621348619854155777
621348621292818432
621348622412738564
621348625491361792
621348626648932352
621348627852734464
621348628578238465
621348631560458241
621348633531838464
621348635725426692
621348637008916480
621348638892142593
621348640372715521
621348642763485184
621348642956419072
621348645305249792
621348645447827457
621348646496432128
621348647825985536
621348649180733440
621348649990230016
621348650451603456
621348651818987521
621348653115027456
621348655065362432
621348656302694400
621348657519050752
621348659666526208
621348660748656640
621348661721735168
621348663516905472
621348663776935936
621348668080324608
621348670055817216
621348670085185537
621348672245223424
621348672266219521
621348673490939904
621348673889402880
621348673964871680
621348676003332096
621348676817022976
621348678129872896
621348679748857856
621348681233625089
621348683691524096
621348685465681920
621348685834776576
621348686824648705
621348690683396098
621348691308363776
621348693841702913
621348694349205504
621348694844162048
621348696005963776
621348697264230401
621348697314426880
621348698409299968
621348698644160512
621348699772452864
621348700372086784
621348700649078784
621348700942675968
621348702209372160
621348702683275265
621348702741893120
621348703765438464
621348705027948544
621348705560600576
621348706214899712
621348707221536768
621348707615817728
621348707812962304
621348710493069312
621348711990493186
621348713097752576
621348714028867584
621348714892914688
621348716209958912
621348716897783808
621348717057187840
621348718231580672
621348718332256256
621348720018374656
621348720324571136
621348721259888641
621348722442641408
621348723076022272
621348723348606977
621348724359479296
621348724535652353
621348725676490752
621348726934740992
621348727018659842
621348728801202176
621348729203892224
621348730374066177
621348730919383040
621348732341256192
621348732886491136
621348732999737345
621348734153175040
621348735243669504
621348735377870848
621348737177231360
621348737919680513
621348739186327552
621348739299561474
621348740562071553
621348741317062656
621348741870694400
621348743363829760
621348744445956096
621348745511370752
621348745628790784
621348746778025984
621348748267003904
621348749730807808
621348751412723712
621348751689547776
621348751861514241
621348753975414784
621348756085153792
621348756697554944
621348758144581632
621348760203984900
621348760329785345
621348761571299328
621348762309525504
621348762678632452
621348764301848577
621348764977078272
621348765740441600
621348766126338048
621348766776455168
621348767145590785
621348768126996481
621348768705871872
621348769318182912
621348770706522112
621348770874290177
621348772145184768
621348772707205120
621348773038395393
621348773302804480
621348774410088448
621348774829522945
621348775496417280
621348776578580480
621348776960200704
621348778860150784
621348778918977537
621348779007078400
621348780428935168
621348781167091712
621348781817233408
621348783041982464
621348783260069888
621348784082157568
621348784115683328
621348785155870722
621348785969594368
621348786426802176
621348787504697344
621348787857031168
621348789031469056
621348789547347969
621348790323290112
621348791355092992
621348791657103360
621348792038739968
621348793905225729
621348794622439424
621348795515817988
621348795964620800
621348796212117504
621348797394849792
621348797969510400
621348798724489216
621348799932440576
621348799990988800
621348801287180288
621348802121859072
621348803535351808
621348804265136129
621348804806230016
621348805963829248
621348807427661825
621348808455274497
621348808610435074
621348809747132416
621348810447523840
621348810997018624
621348812049805312
621348812628561920
621348813559742464
621348813945438208
621348814696378368
621348814876737537
621348816005021697
621348816801955844
621348817133305857
621348818311888896
621348818949419008
621348819356254208
621348819393998848
621348820476129280
621348821017169920
